              precision    recall  f1-score   support

     3aslema       0.88      0.96      0.92        46
       3ayla       1.00      0.96      0.98        73
     5adamet       1.00      0.85      0.92        26
     5al-3am       1.00      1.00      1.00       172
        5mis       1.00      1.00      1.00        49
         5ou       1.00      1.00      1.00       168
        a7ad       1.00      1.00      1.00        36
       assam       0.89      1.00      0.94        32
     baladya       1.00      1.00      1.00        99
       banka       0.96      1.00      0.98        79
    barnamjk       1.00      0.94      0.97        82
        bent       0.94      0.95      0.94       202
         bou       0.90      1.00      0.95       125
      bousta       0.98      1.00      0.99        45
         car       1.00      1.00      1.00        30
      chabeb       1.00      1.00      1.00        48
          cv       1.00      1.00      1.00        51
         dar       0.99      1.00      0.99        72
     demande       1.00      1.00      1.00        31
        eben       0.95      0.97      0.96       148
        enti       1.00      0.87      0.93        52
       erb3a       1.00      1.00      1.00        60
         jad       1.00      0.91      0.95       155
       jadda       0.94      0.99      0.96       139
       jom3a       0.98      1.00      0.99        51
      karhba       1.00      1.00      1.00        25
       labes       0.90      0.95      0.92        19
      louage       1.00      1.00      1.00        35
       lyoum       1.00      0.96      0.98        45
      ma7kma       1.00      1.00      1.00        40
       mar2a       1.00      1.00      1.00       129
      mar7ba       1.00      1.00      1.00        14
   mostawsaf       1.00      0.98      0.99       100
       métro       1.00      1.00      1.00        47
     n3awnek       1.00      1.00      1.00        79
    nekteblk       0.96      1.00      0.98        51
         non       0.99      1.00      0.99        71
         o5t       1.00      0.99      0.99       145
          om       1.00      1.00      1.00        42
         oui       1.00      1.00      1.00        85
       radio       0.99      1.00      1.00       108
      sbitar       1.00      1.00      1.00        43
        se7a       0.99      1.00      1.00       107
        sebt       1.00      0.97      0.98        33
      siye7a       1.00      1.00      1.00        58
        t7eb       0.95      1.00      0.98        41
      ta3lim       1.00      1.00      1.00        69
      ta3raf       1.00      1.00      1.00        29
       ta9ra       1.00      1.00      1.00        36
        taxi       1.00      1.00      1.00        87
      telvza       1.00      0.96      0.98        27
        tfol       1.00      0.93      0.96        80
     tha9afa       1.00      1.00      1.00        63
      thleth       1.00      1.00      1.00        61
       thnin       1.00      1.00      1.00        43
       train       1.00      1.00      1.00        51
       wzara       1.00      1.00      1.00        73

    accuracy                           0.98      4007
   macro avg       0.99      0.98      0.98      4007
weighted avg       0.98      0.98      0.98      4007
